
1475454463
1475454523
1475454583
1475454644
1475454704
1475454764
1475454824
1475454885
1475454945
1475455005
1475455065
1475455186
1475455246
1475455306
1475455367
1475455427
1475455487
1475455547
1475455607
1475455668
1475455728
1475455788
1475455848
1475455909
1475455969
1475456029
1475456089
1475456150
1475456210
1475456270
1475456330
1475456391
1475456451
1475456511
1475456571
1475456632
1475456692
1475456752
1475456812
1475456872
1475456933
1475456993
1475457053
1475457113
1475457174
1475457234
1475457294
1475457354
1475457415
1475457475
1475457535
1475457595
1475457655
1475457776
1475457836
1475457896
1475457957
1475458017
1475458077
1475458137
1475458198
1475458258
1475458318
1475458378
1475458438
1475458499
1475458559
1475458679
1475458740
1475458800
1475458860
1475458920
1475458981
1475459041
1475459101
1475459161
1475459342
1475459402
1475459462
1475459523
1475459583
1475459643
1475459703
1475459764
1475459824
1475459884
1475459944
1475460004
1475460125
1475460185
1475460245
1475460306
1475460366
1475460426
1475460487
1475460547
1475460607
1475460667
1475460727
1475460788
1475460848
1475460908
1475460968
1475461029
1475461089
1475461149
1475461209
1475461270
1475461330
1475461390
1475461450
1475461571
1475461631
1475461691
1475461751
1475461812
1475461872
1475461932
1475461992
1475462053
1475462113
1475462173
1475462233
1475462294
1475462354
1475462414
1475462474
1475462535
1475462595
1475462655
1475462715
1475462776
1475462836
1475462896
1475462956
1475463017
1475463077
1475463137
1475463197
1475463258
1475463318
1475463378
1475463439
1475463499
1475463559
1475463619
1475463680
1475463740
1475463800
1475463860
1475463921
1475463981
1475464041
1475464102
1475464162
1475464222
1475464282
1475464342
1475464403
1475464463
1475464523
1475464583
1475464644
1475464704
1475464764
1475464824
1475464885
1475464945
1475465005
1475465065
1475465126
1475465186
1475465246
1475465306
1475465366
1475465427
1475465487
1475465547
1475465607
1475465668
1475465728
1475465788
1475465848
1475465909
1475465969
1475466029
1475466089
1475466150
1475466210
1475466270
1475466330
1475466391
1475466451
1475466511
1475466571
1475466631
1475466692
1475466752
1475466812
1475466872
1475466933
1475466993
1475467053
1475467113
1475467174
1475467234
1475467294
1475467354
1475467414
1475467475
1475467655
1475467776
1475467836
1475467896
1475467957
1475468017
1475468077
1475468137
1475468198
1475468258
1475468318
1475468378
1475468438
1475468499
1475468559
1475468619
1475468679
1475468740
1475468800
1475468860
1475468920
1475468981
1475469101
1475469161
1475469221
1475469282
1475469342
1475469402
1475470246
1475470306
1475470366
1475470426
1475470487
1475470547
1475470607
1475470667
1475470728
1475470788
1475470848
1475470908
1475470969
1475471029
1475471089
1475471149
1475471210
1475471270
1475471330
1475471390
1475471451
1475471511
1475471571
1475471631
1475471691
1475471752
1475471812
1475471872
1475471932
1475471993
1475472053
1475472113
1475472173
1475472234
1475472294
1475472354
1475472414
1475472475
1475472535
1475472595
1475472655
1475472715
1475472776
1475472836
1475472896
1475472956
1475473017
1475473077
1475473137
1475473198
1475473258
1475473318
1475473439
1475473499
1475473559
1475473620
1475473680
1475473740
1475473800
1475473861
1475473921
1475473981
1475474041
1475474102
1475474162
1475474222
1475474282
1475474343
1475474403
1475474463
1475474523
1475474583
1475474644
1475474704
1475474765
1475474825
1475474885
1475474945
1475475006
1475475066
1475475126
1475475186
1475475247
1475475307
1475475367
1475475427
1475475488
1475475548
1475475608
1475475668
1475475729
1475475789
1475475849
1475475909
1475475970
1475476030
1475476090
1475476150
1475476210
1475476271
1475476331
1475476391
1475476451
1475476512
1475476572
1475476632
1475476692
1475476753
1475476813
1475476873
1475476933
1475476994
1475477054
1475477114
1475477174
1475477234
1475477295
1475477355
1475477415
1475496758
1475496818
1475496878
1475496939
1475496999
1475497059
1475497119
1475497179
1475497240
1475497300
1475497360
1475497420
1475497481
1475497541
1475497601
1475497661
1475497722
1475497782
1475497842
1475497902
1475497963
1475498023
1475498083
1475498143
1475498204
1475498264
1475498324
1475498384
1475498445
1475498505
1475498565
1475500553
1475500613
1475500673
1475500734
1475500794
1475500854
1475500914
1475500975
1475501035
1475501095
1475501155
1475501215
1475501276
1475501336
1475501396
1475501456
1475501517
1475501577
1475501637
1475501697
1475501758
1475501818
1475501878
1475501938
1475501998
1475502059
1475502119
1475502179
1475502239
1475502360
1475502420
1475502480
1475502541
1475502601
1475502661
1475502721
1475502782
1475502842
1475502902
1475502962
1475503022
1475503083
1475503143
1475503203
1475503263
1475503324
1475503384
1475503444
1475503504
1475503565
1475503625
1475503685
1475503745
1475503806
1475503866
1475503926
1475503986
1475504047
1475504107
1475504167
1475504227
1475504830
1475504890
1475504950
1475505010
1475505071
1475505131
1475505191
1475505251
1475505312
1475505372
1475505432
1475505492
1475505553
1475505613
1475505673
1475505733
1475505793
1475505854
1475505914
1475505974
1475506034
1475506095
1475506155
1475506215
1475506275
1475506335
1475506396
1475506456
1475506516
1475506576
1475506637
1475506697
1475506757
1475506818
1475506878
1475506938
1475506998
1475507059
1475507119
1475507240
1475507300
1475507360
1475507420
1475507481
1475507541
1475507601
1475507661
1475507722
1475507782
1475507842
1475507902
1475507963
1475508023
1475508083
1475508143
1475508203
1475508264
1475508324
1475508384
1475508444
1475508505
1475508565
1475508625
1475508685
1475508746
1475508806
1475508866
1475508926
1475510855
1475510915
1475510975
1475511035
1475511095
1475511156
1475511216
1475511276
1475511336
1475511397
1475511457
1475511517
1475511577
1475511638
1475511698
1475511758
1475511818
1475511878
1475511939
1475511999
1475512059
1475512119
1475512180
1475512240
1475512300
1475512360
1475512421
1475512481
1475512541
1475512601
1475512662
1475512722
1475512782
1475512842
1475512903
1475512963
1475513023
1475513083
1475513143
1475513204
1475513264
1475513324
1475513384
1475513445
1475513505
1475513565
1475513625
1475513686
1475516336
1475516396
1475516457
1475516517
1475516577
1475516637
1475516697
1475516758
1475516818
1475516878
1475516938
1475516999
1475517059
1475517119
1475517179
1475517240
1475517300
1475517360
1475517420
1475517481
1475517541
1475517601
1475517661
1475517782
1475517842
1475517902
1475517963
1475518023
1475518083
1475518143
1475518204
1475518264
1475518324
1475518384
1475518445
1475518505
1475518565
1475518625
1475518685
1475518746
1475518806
1475518866
1475518927
1475518987
1475519047
1475519107
1475519168
1475519228
1475519288
1475519348
1475519409
1475519469
1475519529
1475519589
1475520071
1475520131
1475520192
1475520252
1475520312
1475520372
1475522421
1475522481
1475522541
1475522601
1475522662
1475522722
1475522842
1475522903
1475522963
1475523023
1475523083
1475523144
1475523204
1475523264
1475523324
1475523385
1475523445
1475523565
1475523626
1475523686
1475523746
1475523927
1475523987
1475524047
1475524107
1475524168
1475524228
1475524288
1475524349
1475524409
1475524469
1475524529
1475524590
1475524650
1475524710
1475524770
1475524831
1475524891
1475524951
1475525011
1475525072
1475525132
1475525192
1475525252
1475525313
1475525373
1475525433
1475525493
1475525554
1475525614
1475525674
1475525734
1475525795
1475525855
1475525915
1475525975
1475526036
1475526156
1475526216
1475526277
1475526939
1475526999
1475527060
1475527120
1475527180
1475527240
1475527301
1475527361
1475527421
1475527481
1475527541
1475527602
1475527662
1475527722
1475527782
1475527843
1475527903
1475527963
1475528023
1475528084
1475528144
1475528204
1475528264
1475528325
1475528385
1475528445
1475528505
1475528566
1475528626
1475528686
1475528746
1475528807
1475528867
1475528927
1475528987
1475529048
1475529108
1475529168
1475529228
1475529289
1475529349
1475529409
1475529469
1475529529
1475529590
1475529650
1475529710
1475529770
1475529831
1475529891
1475529951
1475530011
1475530072
1475530132
1475530192
1475530252
1475530312
1475530373
1475530433
1475530493
1475530553
1475530614
1475530674
1475532722
1475532782
1475532843
1475533144
1475533204
1475533264
1475533324
1475533385
1475533445
1475533505
1475533566
1475533626
1475533686
1475533746
1475533807
1475533867
1475533927
1475533987
1475534048
1475534108
1475534168
1475534228
1475534289
1475534349
1475534409
1475534469
1475534529
1475534590
1475534650
1475534710
1475534770
1475534831
1475534891
1475534951
1475535011
1475535072
1475535132
1475535192
1475535252
1475535313
1475535373
1475535433
1475535493
1475535554
1475535614
1475535674
1475535734
1475535795
1475535855
1475535915
1475535975
1475536035
1475536096
1475536156
1475536216
1475536276
1475536337
1475536397
1475536457
1475536517
1475536578
1475536638
1475536699
1475536759
1475536819
1475536880
1475536940
1475537000
1475537060
1475537121
1475537181
1475537241
1475537301
1475537362
1475537422
1475537482
1475537542
1475537603
1475537663
1475537723
1475537783
1475537844
1475537904
1475537964
1475538024
1475538085
1475538145
1475538205
1475538265
1475538326
1475538386
1475538446
1475538506
1475538566
1475538627
1475538687
1475538747
1475538807
1475538868
1475538928
1475538988
1475539048
1475539109
1475539169
1475539229
1475539289
1475539350
1475539410
1475539470
1475539530
1475539591
1475539651
1475539711
1475539771
1475539831
1475539892
1475539952
1475540012
1475540072
1475540133
1475540193
1475540253
1475540313
1475540374
1475544711
1475544771
1475544831
1475544891
1475545012
1475545072
1475545132
1475545193
1475545253
1475545313
1475545373
1475545554
1475545614
1475545675
1475545735
1475545795
1475545855
1475545916
1475545976
1475546036
1475546096
1475546157
1475546217
1475546277
1475546337
1475546397
1475546458
1475546518
1475546578
1475546638
1475546699
1475546759
1475546819
1475546879
1475546940
1475547000
1475547060
1475547120
1475547181
1475547241
1475547301
1475547361
1475547422
1475547482
1475547542
1475547602
1475547662
1475547723
1475547783
1475547843
1475547903
1475547964
1475548024
1475548084
1475548144
1475548205
1475548265
1475548325
1475548386
1475548446
1475548506
1475548566
1475548627
1475548687
1475548747
1475548807
1475548868
1475548928
1475548988
1475549048
1475549108
1475549169
1475549229
1475549289
1475549349
1475549410
1475549470
1475549530
1475549590
1475549651
1475549711
1475549771
1475549831
1475549892
1475549952
1475550012
1475550072
1475550132
1475550193
1475550253
1475550313
1475550373
1475550434
1475550494
1475550554
1475550614
1475550675
1475550735
1475550795
1475550855
1475550916
1475550976
1475551036
1475551096
1475551157
1475551217
1475551277
1475551338
1475551398
1475551458
1475551518
1475551579
1475551639
1475551699
1475551760
1475551820
1475551880
1475551940
1475552000
1475552061
1475552121
1475552181
1475552241
1475552302
1475552362
1475552422
1475552482
1475552543
1475552603
1475552663
1475552723
1475552784
1475552844
1475552904
1475552964
1475553025
1475553085
1475553205
1475553265
1475553326
1475553386
1475553446
1475553506
1475553567
1475553627
1475553687
1475553747
1475554169
1475554229
1475554290
1475554350
1475554410
1475554470
1475554531
1475554591
1475554651
1475554711
1475554772
1475554832
1475554892
1475554952
1475555013
1475555073
1475555133
1475555193
1475555253
1475555314
1475555374
1475555434
1475555494
1475555555
1475555615
1475555675
1475555735
1475555796
1475555856
1475555916
1475555976
1475556037
1475556097
1475556157
1475556217
1475556277
1475556338
1475556398
1475556458
1475556518